,mean_vader,vader_pos_ratio,vader_neg_ratio,tweet_count,price_return,log_return,volume
mean_vader,1.0,0.9631629540218093,-0.6931437064167658,0.5799873686194918,0.04382762496006801,0.051021627496668595,0.023911302528330892
vader_pos_ratio,0.9631629540218093,1.0,-0.6057142769832629,0.5275241731291739,0.031091195202426997,0.03916027745852906,-0.03440803436526001
vader_neg_ratio,-0.6931437064167658,-0.6057142769832629,1.0,-0.40746151558813687,-0.13336901659455316,-0.1376013624102938,-0.143935297291051
tweet_count,0.5799873686194918,0.5275241731291739,-0.40746151558813687,1.0,0.21896906688325735,0.2194954462574226,0.22271167263065553
price_return,0.04382762496006801,0.031091195202426997,-0.13336901659455316,0.21896906688325735,1.0,0.9996471243113916,0.25375240963541607
log_return,0.051021627496668595,0.03916027745852906,-0.1376013624102938,0.2194954462574226,0.9996471243113916,1.0,0.24260803601215838
volume,0.023911302528330892,-0.03440803436526001,-0.143935297291051,0.22271167263065553,0.25375240963541607,0.24260803601215838,1.0
